ἱ 4

444444 44

414,4’1144.4, 46.14414ἥ4444447.44944411144444 744414 regu!
4444144414 41444 44 4414414 1444444144. ⁴. .

⁸ 1144444, ου, 41, (4 4444111111 744 749 44 44444. 411444·
4144441444 7444 '122- 4) pateus, 7444144, de prole 4444144474.
44444, Luc. 1, 7. Ap00. 12, 1. (Gen. 1, 16. 11444 48, 57. -
4414444 de prole animalium, 1 8444. 14, 46. 411444. 44, 48.)
- 41444, libori, 4444144944 44444, 1144414. 10,21. 45, 46.
48, 45. 114447, 47. 44, 49 49. 46, 44. 144. 4, 47. 14‚'26,

' 48, 49 44841444, 6. 4044. 7, 44. 464444, 44. 11714.
6, 4.4. 0011, 20 ⁸⁴1· 411446, 4. 44. 5, 4, 44 4447144. -
latiori 4444444 74444441, 1144414 5, 9. Luc. 6, 8. 101 2, 69. 13,
54. 641. 4,64. 41444.8,6. (64441. 44, 4. 44, 6, 64, 7. 144. 44,
9.) - 4444ιῂ mdo, 744144 mundum 44414144444444 tim
⁸4⁶ 1447741144, posteri vi promi11io11i1, Rom. 9, 7. 8. (4.4,
4, 48. (6144111444 41444 44944144 944 14 4449441449, 1144. 4, 4.
4, 4.

4))711144, 1144414. 7, 11. 44, 48. 44, 44. 11444. 45, 44. 144.
7, 5. 44, 44. Phil. 2, 22. Apoo. 12, 5. (Gon. 17, 6. 64, 4.) νο.
entim 4444444 44447444 blandienti· 4444 44ιί1111, carissime! 44
44444444· 44 4444 441444 patre· 4494 111144, 1144414. 44, 48. Luc.
2, 48. 45,64. (Gen. 44, 7. 47, 48. 46. 46. 46. 48, 49.) -- 448
etiam puttoni 4494 444, 94444 curant, 44 :mici 4494 4441444,
1144414. 9, 4. Mun. 4,· 5. Luc. 46, 46. -· 4444914441 4494 411441744- '
101, 1144444, 44. 41144. 4, 48. 41144. 4, 4. (4411. 4 (144. 4,
44. 4 Cor. 6, 1³. 4114444 4, 44.) quaro 4414444844144 444, 9444
4144444444, 44 Christianos 1444444, 41444 appellnt, 1Cor. 4, 47.
41144. 4, 4. 411444. 4, 4. Tit. 4, 4. Phil. v. 10. 4411614. v.
4. -· (41. nv. Τ. 484444. 6, 6. 46. 44, 47. 46, 47.4ι. 1².. 84, Α
44. 614. 4, 4. 6,,4. 47. 4, 4. 6, 48. 47, 4.) ,
3) 4444471444. 0414144414 vel 441414, quui 44444414 (144. 54.

144. 4, 64), 441444 444444 vivos, 1444144, 1144414. 4, 44. vid.
Ἡιχήλ. 46, 67. 1744. 46, 34. 49, 44. Gal. 4, 45. 64. 87444. 4,
45. (144. 64, 4. 9. 1441. 4, 46. 24414. 9, 46. Ρ4414. 841. 44, 6.
114, 1494444114, 441 44444 444441πό araneae.. 441 δυσμῶν 444·
4774444141πέ 1441 449144.) ·-· b) 14110 41144144 dicuntur, 941
1446444441944444444, quod filiorum 0113 igitur: 4)464474414444,
11Ιί1144444, praestans, 1141'0111'111 studiosus, 41 fideliter¹ ad.
14444444, oum 44444444, 14. 4, 44. 1139. Phil. 2, 45. 41444. 4, ,

’ 14· 414 44444 ὑπακοῆς, 44 filii obedienta 441. Deo. 414. 6, 1.
4. 10. (1144Ἰ 44, 9. 41444 dauniae, 744444 4444444444) 1114444444
44141446 4141141 4414441444, videlicet 74474444 israelitico 14. -
44, 54. (144. 64, 4. 649. 46, 44. vid. 4414444 Huic). 44 444444 chri-
4414444444, 4 14. 5, 4. - fl) favoris 44 beneficiorum 41144144
patticam 144 41444 84414, Rom. 8, 46. 47. 21. 9, 811714. 6, 4.
414 41444 (4411 41441) (1744447441, 44 decet 444, quoa 1144411114·
44414444444444 4414444 - 7) 14 qui, 44 61144 744441, 411441
444 nubimus, ,4444414444 41 tonatur, 4141444444444, scara

1'2

 

