-2'1‘
' 6116 16

65,15.54,64,146111.51, 11 Ρ1. 17, 45. 65, 5, ’1616 1111.

Patr. 71. 656. 11111 51767161 65 1195161161’16111171,17116 1611116
7161κ611111167111161111)-5)1111716111111111117111,1111.111661.
6111,11111116;716171111,1·..6 611111,11661.,8 5.“’ 1776 177111111-
11177, 6611 ut 116111. [661. 66, 66] (81565, 4, 61. 65, 4ο. ’.565
16, 1,)-169.11691116116166116, 61161116, 5551111685, 4. 9, 5.
18, 40. 64,6. 51116. 1, 44. 15116165, 15. - 5711116 1111117161-
17,111 11111111. 16,6, 154668, 15. Luc. 16, 15.- 6716 7117 (16·
1111.1111771),1111, 116 1166516116, 57165 19, 16. 66, 9. -
Eodem modo 6171711 51711656, 5161151167, 4. 61159111, 11117116
1161 66116616. 16. vi 64. 1171119 5916656 561. 18, 15. (11111111.
871616, 5.,111611766571515 57151· 11 5111111611 15 6511116117- 7
6111, 517111 115159.-) 4.)1ο1 71611.111911171611111.595176671111,
17661117166111111111, 661171616611111111167116651ιὶ, 6717161111,
169. 11111167 (1611196111, Ι.116, 1, 11. 66, 45. 11617, 5ο. 55.
’(81611. 5, 6. ludio. 11, 16.) -· de 1166, 561. 7, 6. (Gen. 44, 47.
7, 1)-5666111111, 5111111.17,5.15616.9,4. Luc. 9, 571-
delun 71611161611161166661, Luc. 64, 54. 561.,9 17.15,51.
61616. 1061.15,6-1.ι’51611.5,15.11761717711617,61111-
6116116165611167-56166661165165111116, Η6111. 9, 68. -
11611111 16666,5661.16,9. 57166.11,19.16,1. 5.(8611.
8, 5. 9, 54. 166. 4ο, 5.-) 111716166111611111661166,1116
7,66.6611.,611677. 14, 8.- 6)11111111117111 1161.5 6, 5.
5166176111 61116165167119115716161 (1111166.,6 45)·- 6)111.1111
716611111611116. 117171111616711611111,1116111111156,561.66,16.7
6111 1966171176.
5 ’097ἧ,” 179, 4, (quod deducunt 16 6971116 plenus 111111
16161611171717161116,169616561617-11111171161711-1,1·117’1’1,
75311,066,11Ἶ66,,176,75,-)1 1111,116111.16,19. 15716451.
· 155, 11.- 5161111116116111,5 141111. 6, 8. 116 1,19.66.Χ
(5661. xu. 4³48. 71. 665. 567171615671151)- 1651966116,
511165, 5 μετ’ 597176 67166 8, 16. 5971165591161 -1- ’511-
buitur 511116 515966666611116 61111 111 1166 (81611. 4, 14.
56, 9. Num. 44, 4. ιο. 6111111 loseph 1111. 6, 6. 4. 6166115671)
51 11111 76156165 5165 711161611); 111 Ν. ’1. 11116111 4974 Dei
16111661 16161166 111 7166611616,1’116661116611161 61 661 111161·-
161167666611161111111786111,9,66.511ξ661161117159751,1111·
1111661116 11116166111116116111 15651.5,11. 45. (16117161618,
7.8.-))61161711ο615611,16519611161511616111611117116-
6111111 pro 11661111,66111911116116 61 111 57171) 1) 116 7111711111,
(71116611169676611611111119661111,8661,4,15.5151161597171

661697511171116. c. 1,5 4. 5 (17611161 116 p. ,55611 ed. 1161111 6111

4094 111111116117611161111, 5911111,11111 5155111151, 511
5511111. 11111616117111 collegit [17711111. 71. 158.-·) 6)116171116· 1
11161 1111116111 1 06666161611616 improbis 11166611911117 86111.

1186971)516115116571111665115,5.Ε71115,6.661.5,
6. 156611. 6, 1611716611,18171511171979611511611.16, ¹

 

